9.620879743473732537e-01
4.190072537849464096e-01
4.728749009943037374e-01
5.703169262148852781e-01
3.837060948436303298e-01
7.708427560138058077e-01
4.715935110518766904e-01
7.060852007691431620e-01
7.029967467438303919e-01
1.363647406054545597e+00
5.501577870523420843e-01
1.697620280852317087e+00
1.000000000000000000e+00
1.124334838541653614e+00
7.600876939475833538e-01
7.561849619423417490e-01
6.659148023979147846e-01
7.083930519465178044e-01
1.714883368336828084e+00
4.040201071782831832e+00
1.407282274103964115e+00
1.021857512741301210e+00
9.723976304568668905e-01
1.031531143846733167e+00
6.608539193406804957e-01
1.507448203607812065e+00
3.006425611099400097e+00
1.659691622772110797e+00
6.915041294677738426e-01
1.588262366884082732e+00
1.067425213835515363e+00
1.195193101628283960e+00
1.864666616576375446e+00
7.903203182740298205e-01
1.717013497455768922e+00
5.557825196540050250e+00
5.930215676867716112e-01
3.102311202028769532e+00
8.882455326032755449e-01
1.075068274166168569e+00
1.235495932675423125e+00
